243 482
0.315736 0.265754 0.0731753
0.321625 -0.429616 -0.0494507
0.261428 0.443301 -0.126175
0.275891 0.412821 -0.164181
0.331025 0.200409 0.068217
0.207121 0.464762 -0.0486873
0.216117 0.46659 -0.0640366
0.254601 0.442104 -0.0688235
0.308195 0.284687 0.0670863
-0.20777 -0.0130949 0.0398661
-0.388637 -0.435321 0.0169907
-0.343814 -0.435421 -0.0275421
0.120227 -0.0852218 -0.136335
0.299864 0.279816 0.0798804
0.31695 -0.433304 -0.0822344
0.31541 -0.435028 -0.0562818
0.319285 -0.434557 -0.0658006
0.198407 0.459274 -0.0299556
0.218909 0.458079 -0.0327593
-0.389719 -0.416228 0.0570942
0.0561634 0.0558424 0.311019
-0.402678 -0.426766 0.0254279
0.112177 -0.433805 0.203061
-0.398889 -0.421692 0.0427903
0.0893292 0.0422821 0.315861
0.220991 -0.0614836 0.253863
0.202942 -0.0532942 0.268213
0.124229 -0.432559 0.192361
0.316985 -0.421514 -0.0829906
-0.248644 -0.156176 0.213636
0.222612 0.453729 -0.172857
0.0487454 0.0791012 0.291945
-0.357744 -0.264752 0.0110311
0.224511 0.462466 -0.0487928
0.276175 0.326321 0.066153
0.247986 0.357714 0.0522043
-0.179411 -0.430501 0.22559
-0.374147 -0.274093 0.0357376
-0.111812 -0.120368 0.291701
-0.358691 -0.435566 0.0092656
0.322285 -0.426379 -0.0712751
0.323233 -0.427224 -0.0597607
0.331191 0.186369 0.0645471
-0.396721 -0.405477 0.0176685
-0.401557 -0.412239 0.0307739
0.323159 0.244865 0.0713961
0.270522 0.401219 -0.171817
0.222371 0.438784 -0.181989
-0.280435 -0.0896691 0.103264
0.188342 0.45912 -0.0670274
0.256122 0.440475 -0.159046
0.241016 0.449706 -0.173498
0.0681693 0.0768586 0.30127
0.0552674 0.0748109 0.300755
-0.115007 -0.095633 0.289853
0.11811 0.00207282 0.310133
0.0607051 -0.423828 0.222686
0.129014 -0.00129661 0.306784
0.240002 0.459323 -0.063601
0.22743 0.464945 -0.0800913
0.187794 0.449741 -0.0123624
-0.1708 -0.433057 0.218908
-0.216403 -0.153005 0.243
-0.368701 -0.257516 0.0386232
-0.248892 -0.0737604 0.184762
-0.231114 -0.0796078 0.217524
0.10908 -0.436172 0.187087
-0.155619 -0.434573 0.211878
0.053428 -0.433558 0.214719
0.0962503 -0.435888 0.201246
-0.333936 -0.207542 0.109068
-0.354688 -0.239792 0.0870881
-0.1423 -0.0331447 0.248013
-0.187066 -0.427278 0.228547
-0.193606 -0.425433 0.224508
0.297802 -0.435241 -0.0322871
-0.328414 -0.43229 -0.0316784
0.232174 0.456105 -0.172836
0.29707 0.295937 0.0741595
0.325036 0.224811 0.0807529
0.323505 0.235918 0.0795307
0.290762 0.310979 0.0682979
0.0966989 -0.0726627 -0.136665
0.327116 0.228826 0.0704207
0.213841 -0.0506047 0.259524
0.19578 -0.0423283 0.272895
0.259153 -0.0854324 0.215783
0.101713 -0.428034 0.216286
0.31227 -0.434641 -0.0386816
0.227309 0.448029 -0.180658
0.26907 -0.417575 -0.108299
0.179915 0.454783 -0.0584399
0.0787386 -0.0678104 -0.135034
0.0701307 -0.0642853 -0.134344
0.19792 0.465651 -0.0643934
0.190911 0.434824 0.00720315
-0.376759 -0.432479 -0.0196152
-0.382631 -0.432657 -0.0146786
-0.264446 -0.0835638 0.0584089
0.207724 0.464884 -0.079737
0.239268 0.46009 -0.112388
0.24838 0.458084 -0.084407
0.27658 0.403533 -0.170446
-0.193545 0.00686706 0.177818
-0.226552 -0.0484231 0.201571
-0.189949 -0.0167974 0.201624
0.0703612 -0.432576 0.215088
0.0723622 0.0338146 0.31521
0.0799143 0.0265495 0.315512
0.140244 -0.00679148 0.303394
0.14105 -0.0190013 0.300881
0.170959 0.444457 -0.0178491
0.162665 0.441412 -0.0340779
0.172093 0.447672 -0.0512439
-0.398693 -0.434467 0.019629
-0.224641 -0.100045 0.230529
-0.242054 -0.11319 0.21817
-0.222186 0.00296393 0.128309
-0.257082 -0.0525299 0.122764
0.0891037 0.0215026 0.315522
-0.186104 -0.4348 0.197563
-0.173255 -0.434293 0.20953
-0.393064 -0.432886 0.0480399
-0.389923 -0.435171 0.0349362
-0.368259 -0.260804 0.0687227
-0.259033 -0.0665223 0.153406
-0.398215 -0.434034 0.0300413
-0.187261 -0.431071 0.221615
-0.179704 -0.432821 0.216722
0.328228 0.190603 0.0769129
0.277215 0.397181 -0.168664
0.277685 0.404146 -0.16394
0.328752 0.214029 0.0631941
0.262707 -0.429264 -0.104286
-0.366407 -0.435372 0.0412565
0.253258 0.455807 -0.107711
0.262263 0.43437 -0.159784
0.270882 0.422523 -0.163578
0.23494 0.451641 -0.0397505
0.0741774 0.0675601 0.308224
0.106425 0.0316409 0.310121
0.152649 -0.0150137 0.298167
0.206297 0.432135 -0.177647
-0.373941 -0.266401 0.0453606
-0.369965 -0.264191 0.0251644
-0.216685 -0.037211 0.0226674
-0.225998 -0.127333 0.236027
-0.344603 -0.227778 0.0998677
-0.359842 -0.250082 0.0831525
-0.33946 -0.218323 0.10466
0.187847 0.461275 -0.0481671
0.270198 0.33732 0.0605107
0.178369 0.454575 -0.0323835
0.201081 0.441797 -0.000718148
-0.397553 -0.405232 0.0454204
-0.202494 0.0277736 0.100843
-0.220689 0.00225052 0.0975256
-0.368447 -0.434977 0.0571446
-0.182982 -0.433943 0.207373
-0.390374 -0.431071 -0.0051579
-0.226346 -0.18083 0.234678
-0.398416 -0.431394 0.039369
-0.384309 -0.433174 0.058529
0.286087 -0.435551 -0.045472
0.307973 -0.435263 -0.0709658
0.0461422 -0.04666 -0.132547
-0.00598852 -0.00812839 -0.122595
0.215605 0.431438 -0.181273
0.0778723 -0.436675 0.174851
0.259232 0.447723 -0.0933974
0.284585 -0.0847315 0.184094
0.327802 0.209797 0.0790497
-0.22752 -0.0178207 0.0751462
0.217255 0.44665 -0.177133
0.0727057 0.0513815 0.314923
-0.132534 -0.108937 0.283616
0.0440176 0.0650335 0.301792
0.210245 0.450993 -0.0150934
-0.29118 -0.128033 0.139649
-0.268691 -0.0973917 0.16301
-0.350561 -0.232827 0.0909639
-0.211634 0.00552572 0.155195
-0.217447 -0.019565 0.182237
-0.073182 -0.181673 0.283698
0.0868116 -0.419301 0.223799
-0.163205 -0.435133 0.201374
-0.176122 -0.434988 0.200214
-0.194169 -0.4328 0.207565
-0.234506 -0.159901 0.231068
0.0974303 -0.436497 0.175487
0.301126 -0.0797905 0.153407
0.0675047 -0.436619 0.192767
0.318845 -0.428688 -0.0408137
0.283888 -0.0926336 0.181719
0.119888 -0.429939 0.204439
0.289973 -0.0908353 0.173015
0.258881 0.44053 -0.150806
-0.0953564 -0.139173 0.292701
-0.285097 -0.105711 0.133634
0.176851 0.435188 0.00308651
-0.147908 -0.435324 0.198343
-0.379587 -0.435212 0.0456298
-0.396501 -0.43388 0.00717575
-0.396818 -0.421326 0.00876738
-0.370675 -0.435525 -0.016068
0.24689 -0.0693493 0.231737
0.236007 -0.0679361 0.241317
0.0569929 -0.436595 0.154361
0.256561 -0.435639 -0.0932903
-0.289362 -0.435718 -0.0102423
0.299233 -0.431924 -0.0978984
0.292032 -0.420761 -0.102887
0.306733 -0.433702 -0.0930291
0.286959 -0.435577 -0.072052
0.279718 -0.435583 -0.029022
0.290857 -0.43546 -0.0870039
0.274413 -0.0870087 0.197161
0.279336 -0.0869604 0.191158
-0.187689 0.0419342 0.13698
-0.194793 0.0284155 0.14943
-0.207962 0.0255071 0.126355
-0.23913 -0.0381702 0.160485
-0.163293 -0.417207 0.233663
-0.177258 -0.425105 0.232223
-0.154571 -0.423911 0.231916
-0.374039 -0.425305 -0.019701
-0.364598 -0.430959 -0.0245047
0.0207351 -0.0323801 -0.128028
0.0113195 -0.01971 -0.126654
-0.122892 -0.0752 0.28326
-0.130965 -0.0590192 0.273639
0.115542 -0.425957 0.210885
0.310812 -0.42559 -0.092201
0.281346 -0.435495 -0.0953473
0.303304 -0.435315 -0.0847359
0.26004 -0.435755 -0.0796072
0.278381 -0.435584 -0.0849045
-0.354039 -0.43386 -0.0276476
0.270492 -0.435578 -0.0955818
0.278751 -0.429683 -0.104142
0.308702 -0.431998 -0.0269128
0.253881 -0.0792698 0.223869
0.267678 -0.0900403 0.204402
13 80 0
190 1 42
137 2 3
102 4 42
94 5 6
101 7 169
78 0 8
172 142 9
77 6 59
10 204 39
237 11 204
22 69 66
90 82 12
13 109 141
234 212 14
16 15 164
162 74 19
5 17 18
18 177 138
3 45 83
154 23 19
81 78 8
53 20 139
43 203 21
87 106 22
44 23 154
139 174 24
88 192 240
231 25 26
88 27 22
235 208 238
102 28 232
188 29 19
77 89 30
199 103 31
142 225 32
89 51 102
135 196 51
94 77 30
18 33 5
54 174 20
138 33 18
151 34 81
151 35 139
61 68 36
44 37 144
241 206 231
73 38 62
191 39 168
114 202 204
16 40 41
42 1 41
77 135 51
139 35 95
144 43 44
8 0 169
190 192 1
0 80 45
102 46 47
90 12 47
47 12 167
93 165 167
113 155 112
198 118 48
91 150 49
145 142 144
51 196 50
77 51 89
53 52 95
20 229 54
230 229 20
119 183 55
184 56 87
55 57 24
33 58 59
99 6 77
20 176 230
152 111 60
61 121 67
175 146 62
143 63 144
65 64 116
22 66 88
66 69 191
69 67 191
106 68 69
148 70 71
176 72 230
127 36 73
73 74 162
213 236 215
75 214 164
14 40 16
42 4 190
114 204 10
90 133 76
100 135 77
138 58 33
13 78 24
205 79 80
8 7 81
169 7 8
76 82 90
45 80 83
85 26 84
87 231 26
241 231 86
22 194 87
240 217 242
1 192 88
144 203 43
13 0 78
47 89 102
89 173 30
46 211 90
47 46 90
43 21 44
91 142 156
93 92 76
173 142 91
49 150 94
60 199 95
32 96 97
172 98 144
94 99 77
94 6 99
59 135 100
59 100 77
101 135 59
102 137 3
53 176 20
104 103 182
139 52 53
95 52 139
104 176 105
20 174 139
87 56 106
24 107 108
141 184 87
57 109 24
55 109 57
110 109 55
6 33 59
5 33 6
220 111 112
105 103 104
154 124 143
91 113 112
44 154 143
21 202 114
146 115 116
125 117 118
197 183 119
186 185 67
106 223 68
56 224 223
158 120 121
162 122 123
198 124 71
125 64 104
201 123 10
161 21 126
162 127 73
127 128 61
207 235 168
90 239 133
88 15 16
66 75 88
171 4 83
171 129 4
1 16 41
88 16 1
42 130 102
102 40 28
4 131 132
102 131 4
28 40 14
232 28 14
133 239 238
191 134 39
102 211 46
232 211 102
169 135 101
51 136 137
205 80 84
141 80 13
60 17 152
81 138 151
139 34 151
24 78 139
141 109 110
24 140 13
205 170 79
141 26 85
83 4 132
132 131 83
88 240 27
22 27 194
226 142 167
198 48 143
144 142 32
9 145 172
9 142 145
30 173 91
229 115 146
174 107 24
148 116 147
147 149 148
68 223 36
24 119 55
140 109 13
24 109 140
5 150 17
138 177 151
81 58 138
7 58 81
94 150 5
177 153 151
112 152 91
60 111 199
125 221 117
112 111 152
35 153 95
151 153 35
78 34 139
81 34 78
143 37 44
144 37 143
143 124 198
19 148 154
220 155 156
144 48 172
198 64 125
148 149 70
104 64 65
117 221 220
69 68 67
22 106 69
110 184 141
55 184 110
61 128 121
67 185 191
187 157 158
127 187 128
144 97 159
19 122 162
73 160 74
19 74 188
62 160 73
56 223 106
104 65 230
19 29 148
23 122 19
161 122 23
126 21 114
162 123 201
214 163 164
211 239 90
66 214 75
168 235 214
164 234 16
130 40 102
42 40 130
41 40 42
214 213 163
211 210 239
93 237 165
228 166 167
39 204 168
159 97 202
226 96 142
225 96 32
51 137 102
50 136 51
3 0 45
169 0 3
101 58 7
59 58 101
194 240 242
27 240 194
241 217 170
79 170 171
167 82 93
12 82 167
156 142 172
112 155 220
30 49 94
91 49 30
47 173 89
32 97 144
145 98 172
144 98 145
3 2 169
137 136 2
38 107 174
54 38 174
116 115 65
229 175 54
31 176 53
31 103 176
119 108 197
24 108 119
177 17 60
18 17 177
60 153 177
95 153 60
148 124 154
71 124 148
48 63 143
144 63 48
48 156 172
220 156 48
179 178 70
198 180 70
125 118 198
219 181 182
176 103 105
220 181 219
61 36 127
67 68 61
223 222 183
55 183 184
197 223 183
73 223 38
201 185 186
201 200 185
158 157 120
67 121 186
162 187 127
121 128 158
186 120 201
121 120 186
228 237 166
167 237 226
188 160 62
74 160 188
116 64 70
29 116 148
114 123 126
10 123 114
126 122 161
123 122 126
214 189 168
66 189 214
87 26 141
26 25 84
190 129 171
4 129 190
3 131 102
83 131 3
75 15 88
164 15 75
200 134 191
204 209 168
166 237 167
167 165 228
133 237 76
133 11 237
16 234 14
238 11 133
167 142 47
47 142 173
23 21 161
44 21 23
85 80 141
84 80 85
190 195 192
195 193 192
242 86 194
241 86 242
170 193 195
190 170 195
82 92 93
76 92 82
135 2 196
169 2 135
196 136 50
2 136 196
38 175 62
54 175 38
104 72 176
230 72 104
197 107 38
108 107 197
53 199 31
95 199 53
152 150 91
17 150 152
91 155 113
156 155 91
188 146 116
188 116 29
198 178 179
70 178 198
71 180 198
70 180 71
48 117 220
118 117 48
36 223 73
38 223 197
39 134 10
185 200 191
162 157 187
128 187 158
201 157 162
120 157 201
62 146 188
229 146 175
179 64 198
70 64 179
191 189 66
168 189 191
194 231 87
86 231 194
237 227 165
76 237 93
164 213 234
163 213 164
159 203 144
203 202 21
83 79 171
80 79 83
171 170 190
217 193 170
220 218 111
199 111 219
219 103 199
182 103 219
116 149 147
70 149 116
104 221 125
182 221 104
184 224 56
183 224 184
201 134 200
10 134 201
159 202 203
202 97 204
205 206 241
84 206 205
207 209 235
168 209 207
209 208 235
204 208 209
232 210 211
232 212 210
235 213 214
213 215 234
241 170 205
241 216 217
219 218 220
111 218 219
221 181 220
182 181 221
224 222 223
183 222 224
142 96 225
237 96 226
228 227 237
165 227 228
208 11 238
204 11 208
230 115 229
65 115 230
206 25 231
84 25 206
14 212 232
215 233 234
238 236 235
235 236 213
204 96 237
97 96 204
239 233 238
210 233 239
233 212 234
210 212 233
240 193 217
192 193 240
242 216 241
217 216 242
233 236 238
215 236 233
